  nn = [ 41 41 42 ];
  nn = [ 81 81 42 ];
  nt = 400;
  bc = [ 0 0 1   0 0 1 ];

  faultnormal = 3;
  mus = 1e9;
  mud = 0.;
  dc = 1e9;
  co = 0.;
  tn = -100e6;
  th = -90e6;
  td = 0.;
  vrup = 3117.6914;
  rcrit = 1e9;
  trelax = 0.;
  out = { 'x'  1   1 0 0   -1 0 0 };
  out = { 'sv' 1   1 0 0   -1 0 0 };
  out = { 'sv' 1   61 0 0  61 0 0 };

