  faultnormal = 0;
  rsource = 150.;
  nt = 200;
  nn = [ 41 41 41 ];
  ihypo = [ 21 21 21 ];
  bc1 = [ 1 1 1 ];
  bc2 = [ 0 0 0 ];
  out = { 'x' 1   1 1 0    -1 -1 0 };
  out = { 'v' 1   1 1 0    -1 -1 0 };
  out = { 'x' 1   1 1 31   -1 -1 31 };
  out = { 'v' 1   1 1 31   -1 -1 31 };
  bc2 = [ 1 1 1 ];
  nn = [ 61 61 61 ];
