% TeraShake 1000 m

  datadir = 'ts/1000/data'; itio = 100; itcheck = 0;
  nt = 3000;
  nt = 1500;
  np = [ 1 8 4 ];
  np = [ 1 1 2 ];


  grid  = 'read';
  rho   = 'read';
  vp    = 'read'; vp1  = 1500.;
  vs    = 'read'; vs1  = 500.;
  vdamp = 400.;   gam2 = .8;
  bc1   = [ 10 10 10 ];
  bc2   = [ 10 10  0 ];
  fixhypo = 1; faultnormal = 2; slipvector = [ 1. 0. 0. ];
  mus = 1000.;
  mud = .5;
  dc  = .5;
  tn  = -20e6;
  ts1 = 'read';
  rcrit = 3000.; vrup = 2300.;

  dx = 1000.; dt = .06; trelax = .6;
  nn    = [  601  302  81 ];
  ihypo = [  273  200  -6 ];
  ihypo = [  454  200  -6 ];
  mus = [ 1.06 'zone'   264   0 -17         463   0 -1      ];
  out = { 'x'      1    264 200 -17    0    463 200 -1    0 };
  out = { 'rho'    1    264   0 -17    0    463   0 -1    0 };
  out = { 'vp'     1    264   0 -17    0    463   0 -1    0 };
  out = { 'vs'     1    264   0 -17    0    463   0 -1    0 };
  out = { 'gam'    1    264   0 -17    0    463   0 -1    0 };
  out = { 'gamt'   1    264   0 -17    0    463   0 -1    0 };
  out = { 'tn'    10    264   0 -17    0    463   0 -1 1500 };
  out = { 'tsm'   10    264   0 -17    0    463   0 -1 1500 };
  out = { 'sl'    10    264   0 -17    0    463   0 -1 1500 };
  out = { 'svm'   10    264   0 -17    0    463   0 -1 1500 };
  out = { 'psv'   10    264   0 -17    0    463   0 -1 1500 };
  out = { 'trup'   1    264   0 -17 1500    463   0 -1 1500 };
% return
  out = { 'x'      1      1   1  -1    0     -1  -1 -1    0 };
  out = { 'rho'    1      1   1  -2    0     -1  -1 -1    0 };
  out = { 'vp'     1      1   1  -2    0     -1  -1 -1    0 };
  out = { 'vs'     1      1   1  -2    0     -1  -1 -1    0 };
  out = { 'pv2'   20      1   1  -1    0     -1  -1 -1   -1 };
  out = { 'vm2'   20      1   1  -1    0     -1  -1 -1   -1 };
  out = { 'v' 1     82  194 -1 0     82  194 -1 -1 }; % Bakersfield
  out = { 'v' 1    100   70 -1 0    100   70 -1 -1 }; % Santa
  out = { 'v' 1    153   82 -1 0    153   82 -1 -1 }; % Oxnard
  out = { 'v' 1    191  193 -1 0    191  193 -1 -1 }; % Lancaster
  out = { 'v' 1    216  118 -1 0    216  118 -1 -1 }; % Westwood
  out = { 'v' 1    229  129 -1 0    229  129 -1 -1 }; % Los
  out = { 'v' 1    242  134 -1 0    242  134 -1 -1 }; % Montebello
  out = { 'v' 1    253  107 -1 0    253  107 -1 -1 }; % Long
  out = { 'v' 1    256  269 -1 0    256  269 -1 -1 }; % Barstow
  out = { 'v' 1    262  230 -1 0    262  230 -1 -1 }; % Victorville
  out = { 'v' 1    270  168 -1 0    270  168 -1 -1 }; % Ontario
  out = { 'v' 1    277  125 -1 0    277  125 -1 -1 }; % Santa
  out = { 'v' 1    292  193 -1 0    292  193 -1 -1 }; % San
  out = { 'v' 1    296  171 -1 0    296  171 -1 -1 }; % Riverside
  out = { 'v' 1    353   95 -1 0    353   95 -1 -1 }; % Oceanside
  out = { 'v' 1    369  189 -1 0    369  189 -1 -1 }; % Palm
  out = { 'v' 1    406  196 -1 0    406  196 -1 -1 }; % Coachella
  out = { 'v' 1    404   66 -1 0    404   66 -1 -1 }; % San
  out = { 'v' 1    503   31 -1 0    503   31 -1 -1 }; % Ensenada
  out = { 'v' 1    529  164 -1 0    529  164 -1 -1 }; % Mexicali
  out = { 'v' 1    583  226 -1 0    583  226 -1 -1 }; % Yuma
