% TPV3
  faultnormal = 3;
  vrup = -1.;
  vp  = 6000.;
  vs  = 3464.;
  rho = 2670.;
  dc  = 0.4;
  mud = .525;
  mus = 10000.;
  mus = { .677 'cube' -501. -501. -1.  501. 501. 1. };
  tn  = -120e6;
  td  = 0.;
  th  = -70e6;
  th  = { -2e8 'cube' -401. -401. -1.  401. 401. 1. };
  viscosity = [ .1 .7 ];
  origin = 0;
  dx  = 100;
  dt  = .008;
  nt = 2;
  itcheck = 0;
  affine = [ 1. 0. 0.  0. 1. 0.  0. 0. 1.  1. ];
  n1expand = [   0   0   0 ];
  n2expand = [   0   0   0 ];
  bc1      = [   0   0   0 ];
  bc2      = [  -3   3  -2 ];
  ihypo    = [  -1  -1  -1 ];
  np       = [   3   1   1 ];
  nn       = [   8   8   8 ];
  out = { 'sa'   1      1 1 1   -1 -1 -1 };

