% Benchmark

  vrup = -1.;
  dc  = 0.4;
  mud = .525;
  mus = .677;
  tn  = -120e6;
  td  = 0.;
  th  = -81.6e6;
  affine = [ 1. 1. 0.; 0. 1. 0.; 0. 0. 1. ] / 1.;
  nt = 10;

  nn = [ 600 600 600 ];
  np = [ 2 2 2 ];
  np = [ 1 2 4 ];
  np = [ 1 1 8 ];

  nn = [ 1200 1200 1200 ];
  np = [ 4 4 4 ];
  np = [ 1 8 8 ];
  np = [ 1 1 64 ];

  nn = [ 300 300 300 ];
  np = [ 1 1 1 ];

  nn = [ 2400 2400 2400 ];
  np = [ 8 8 8 ];
  np = [ 1 16 32 ];
  np = [ 1 1 512 ];

