% I/O test
  nt = 10;
  nn = [ 300 300 300 ];
  np = [ 4 4 2 ];
  mpin  = 0;
  mpout = 0;
  faultnormal = 3;
  out = { 'u'   1   1 1 1  0    1 -1 -1 -1 };
  out = { 'v'   1   1 1 1  0   -1  1 -1 -1 };
  out = { 'a'   1   1 1 1  0   -1 -1  1 -1 };
  out = { 'su'  1   1 1 0  0   -1 -1  0 -1 };
  out = { 'sv'  1   1 1 0  0   -1 -1  0 -1 };
  out = { 'sa'  1   1 1 0  0   -1 -1  0 -1 };
