% Test
  debug = 1;
  faultnormal = 2;
  nn = [ 4 4 4 ];
  bc2 = [ 2 2 2 ];
  ihypo = [ -1 -1 -1 ];
  ihypo = [ 0 0 0 ];
  nt = 3;
  mus = .5;
  vrup = -1.;
  out = { 'x'    1   1 1 1  -1 -1 -1 };
  out = { 'v'    1   1 1 1  -1 -1 -1 };
  out = { 'u'    1   1 1 1  -1 -1 -1 };
  out = { 'w'    1   1 1 1  -1 -1 -1 };
  out = { 'mr'   1   1 1 1  -1 -1 -1 };
  out = { 'mu'   1   1 1 1  -1 -1 -1 };
  out = { 'lam'  1   1 1 1  -1 -1 -1 };
  out = { 'y'    1   1 1 1  -1 -1 -1 };
  out = { 't0'   1   1 1 1  -1 -1 -1 };
  out = { 't3'   1   1 1 1  -1 -1 -1 };
  out = { 'mus'  1   1 1 1  -1 -1 -1 };
  out = { 'mud'  1   1 1 1  -1 -1 -1 };
  out = { 'dc'   1   1 1 1  -1 -1 -1 };
  out = { 'co'   1   1 1 1  -1 -1 -1 };
  out = { 'sv'   1   1 1 1  -1 -1 -1 };
  out = { 'sl'   1   1 1 1  -1 -1 -1 };
  out = { 'trup' 1   1 1 1  -1 -1 -1 };
  out = { 'tarr' 1   1 1 1  -1 -1 -1 };
  out = { 'tn'   1   1 1 1  -1 -1 -1 };
  out = { 'ts'   1   1 1 1  -1 -1 -1 };

