% Test

nt = 2;
debug = 1;
mpout = 0;
mpout = 1;
mpout = -1;
  np = [ 2 1 1 ];
  nn = [ 45 46 47 ];
  ihypo = [ 3 3 3 ];
  faultnormal = 3;
  out = { 'u'   1  1 1 1 1   -1 -1 -1 -1 };
  out = { 'v'   1  1 1 1 1   -1 -1 -1 -1 };
  out = { 'a'   1  1 1 1 1   -1 -1 -1 -1 };
  out = { 'su'  1  1 1 1 1   -1 -1 -1 -1 };
  out = { 'sv'  1  1 1 1 1   -1 -1 -1 -1 };
  out = { 'sa'  1  1 1 1 1   -1 -1 -1 -1 };

