% Test

  nt = 100;
debug = 1;
  np = [ 2 3 4 ];
  nn = [ 8 9 10 ];
  ihypo = [ 3 3 3 ];
  faultnormal = 3;
  out = { 'x'   1  1 1 1 0   -1 -1 -1  0 };
  out = { 'v'   1  1 1 1 1   -1 -1 -1 -1 };
  out = { 'sl'  1  1 1 1 1   -1 -1 -1 -1 };
  out = { 'svm' 1  1 1 1 1   -1 -1 -1 -1 };
  out = { 'sa'  1  1 1 1 1   -1 -1 -1 -1 };

