% Test
  faultnormal = 3;
  np = [ 1 1 1 ];
  np = [ 2 1 1 ];
  nn = [ 9 9 9 ];
  nn = [ 4 4 4 ];
  nt = 2;
  mus = .5;
  vrup = -1.;
  out = { 'x'    1   1 1 1  -1 -1 -1 };
  out = { 'v'    1   1 1 1  -1 -1 -1 };
  out = { 'sv'   1   1 1 1  -1 -1 -1 };
  out = { 'sl'   1   1 1 1  -1 -1 -1 };
  out = { 'trup' 1   1 1 1  -1 -1 -1 };
  out = { 't0'   1   1 1 1  -1 -1 -1 };
  out = { 't3'   1   1 1 1  -1 -1 -1 };
  out = { 'mus'  1   1 1 1  -1 -1 -1 };
  out = { 'mud'  1   1 1 1  -1 -1 -1 };
  out = { 'dc'   1   1 1 1  -1 -1 -1 };
  out = { 'co'   1   1 1 1  -1 -1 -1 };
  out = { 'tn'   1   1 1 1  -1 -1 -1 };
  out = { 'ts'   1   1 1 1  -1 -1 -1 };

