% Test
  np = [ 1 1 1 ];
  nn = [ 21 21 22 ];
  nt = 3;
  mus = [ .5   6 16 0   6 16 0 ];
  vrup = -1.;
  out = { 'x'    1   1 1 1  -1 -1 -1 };
  out = { 'v'    1   1 1 1  -1 -1 -1 };
  out = { 'sv'   1   1 1 1  -1 -1 -1 };
  out = { 'sl'   1   1 1 1  -1 -1 -1 };
  out = { 'trup' 1   1 1 1  -1 -1 -1 };
  out = { 't0'   1   1 1 1  -1 -1 -1 };
  out = { 't3'   1   1 1 1  -1 -1 -1 };
  out = { 'mus'  1   1 1 1  -1 -1 -1 };
  out = { 'mud'  1   1 1 1  -1 -1 -1 };
  out = { 'dc'   1   1 1 1  -1 -1 -1 };
  out = { 'co'   1   1 1 1  -1 -1 -1 };
  out = { 'tn'   1   1 1 1  -1 -1 -1 };
  out = { 'ts'   1   1 1 1  -1 -1 -1 };

