% PML test problem

  np = [ 2 1 1 ];
  faultnormal = 0;
  rsource = 150.;
  nt = 400;
  nn = [ 161 161 161 ];
  nn = [ 81 81 81 ];
  bc1 = [ 1 1 1 ];
  bc2 = [ 1 1 1 ];
  out = { 'x' 1   21 21 61   61 61 61 };
  out = { 'v' 1   21 21 61   61 61 61 };
  out = { 'v' 20  1 1 1   -1 -1 -1 };

