% PML test problem

  np = [ 1 1 1 ];
  faultnormal = 0;
  rsource = 150.;
  nt = 400;
  nt = 1;
  nn = [ 161 161 161 ];
  nn = [ 81 81 81 ];
  nn = [ 41 41 41 ];
  nn = [ 8 4 4 ];
  bc1 = [ 1 1 1 ];
  bc2 = [ 1 1 1 ];
  bc1 = [ 0 0 0 ];
  bc2 = [ 0 0 0 ];
  %out = { 'x' 1   21 21 61   61 61 61 };
  %out = { 'v' 1   21 21 61   61 61 61 };
  out = { 'x' 1  1 1 1   -1 -1 -1 };
  out = { 'u' 1  1 1 1   -1 -1 -1 };
  out = { 'v' 1  1 1 1   -1 -1 -1 };
  out = { 'a' 1  1 1 1   -1 -1 -1 };
  out = { 'w' 1  1 1 1   -1 -1 -1 };
  out = { 'mr' 1  1 1 1   -1 -1 -1 };
  out = { 'mu' 1  1 1 1   -1 -1 -1 };
  out = { 'lam' 1  1 1 1   -1 -1 -1 };
  out = { 'y' 1  1 1 1   -1 -1 -1 };

