% PML test problem

  np = [ 2 1 1 ];
  faultnormal = 0;
  rsource = 150.;
  nt = 1;
  nt = 100;
  nt = 2;
  nn = [ 161 161 161 ];
  nn = [ 81 81 81 ];
  nn = [ 8 4 4 ];
  nn = [ 41 41 41 ];
  %ihypo = [ 31 21 21 ];
  bc1 = [ 1 1 1 ];
  bc2 = [ 1 1 1 ];
  bc1 = [ 0 0 0 ];
  bc2 = [ 0 0 0 ];
  %out = { 'x' 1   21 21 61   61 61 61 };
  %out = { 'v' 1   21 21 61   61 61 61 };
  out = { 'x' 1  1 1 1   -1 -1 -1 };
  out = { 'v' 1  1 1 1   -1 -1 -1 };

