% TPV3
  np = [ 1 1 1 ];
  faultnormal = 3;
  vrup = -1.;
  out = { 'x'    1      1 1 1   -1 -1 -1 };
  out = { 'sv'   1      1 1 1   -1 -1 -1 };
  out = { 'sl'   1      1 1 1   -1 -1 -1 };
  out = { 'trup' 100    1 1 1   -1 -1 -1 };
  vp  = 6000.;
  vs  = 3464.;
  rho = 2670.;
  dc  = 0.4;
  mud = .525;
  tn  = -120e6;
  td  = 0.;
  mus = 10000;
  th  = -70e6;
  viscosity = [ .1 .7 ];
  bc1 = [  1  1  1 ];
  bc2 = [ -2  2 -2 ];
  ihypo = [ -1 -1 -1 ];

% 100 meter node sym
  dx  = 100;
  dt  = .008;
  nt  = 1626;
  nt  = 900;
  mus = [ .677       26 26 0   325 175 0 ];
  th  = [ -81.6e6   161 86 0   190 115 0 ];
  nn  = [ 176 101 21 ];
  bc2 = [ -3  3 -2 ];
return

% 50 meter node sym
  dx  = 50;
  dt  = .005;
  nt  = 2600;
  dt  = .004;
  nt  = 3250;
  nt  = 1800;
  mus = [ .677       51  51 0   651 351 0 ];
  th  = [ -81.6e6   321 171 0   381 231 0 ];
  nn  = [ 701 401 101 ];
  bc2 = [ -3  3 -2 ];
return

% 100 meter node sym
  dx  = 100;
  dt  = .008;
  nt  = 1626;
  nt  = 900;
  mus = [ .677       26 26 0   325 175 0 ];
  th  = [ -81.6e6   161 86 0   190 115 0 ];
  nn  = [ 176 101 61 ];
  bc2 = [ -3  3 -2 ];
return

% Small test
  out = { 'v'    1      1 1 0   -1 -1  0 };
  out = { 'v'    1      1 0 1   -1  0 -1 };
  out = { 'v'    1      0 1 1    0 -1 -1 };
  dx  = 300;
  dt  = .024;
  nt  = 20;
  mus = .677;
  th  = [ -81.6e6   16 16 0   25 25 0 ];
  nn    = [ 20 20 20 ];
return

