% Terashake

  out = { 'x' 0   1 1 1   -1 -1 1 };
  out = { 'v' 1   1 1 1   -1 -1 1 };
  upvector = [ 0 0 1 ];
  faultnormal = 2;

  nn = [ 3001 1502 401 ];
  dx = 200.;
  nt = 6000;
  dt = .014;
  grid = 'read';

  nn = [ 301 152 41 ];
  dx = 2000.;
  nt = 600;
  dt = .14;
  grid = 'constant';

