% TPV3

  faultnormal = 3;
  vrup = -1.;
  bc1 = [ 1 1 1 ];
  bc2 = [ 1 1 1 ];
  out = { 'x'  1      1 1 0  -1 -1 0 };
  out = { 'sv' 1      1 1 0  -1 -1 0 };
  out = { 'sl' 1      1 1 0  -1 -1 0 };
  out = { 'trup' -1   1 1 0  -1 -1 0 };

  vp  = 6000.;
  vs  = 3464.;
  rho = 2670.;
  dc = 0.4;
  mud = .525;
  mus = 10000;
  td = 0.;
  th = -70e6;
  tn = -120e6;

  nt = 578;
  nn = [ 141 91 42 ];
  dt = .0225;
  dx = 300;
  mus = [ .677      21 21 0   121 71 0 ];
  th  = [ -81.6e6   66 41 0    76 51 0 ];

