% TPV3

  np = [ 2 1 1 ];
  np = [ 1 1 1 ];
  faultnormal = 3;
  vrup = -1.;
  out = { 'x'  1      1 1 1  -1 -1 -1 };
  out = { 'sv' 1      1 1 0  -1 -1 0 };
  out = { 'sl' 1      1 1 0  -1 -1 0 };
  out = { 'trup' 100  1 1 0  -1 -1 0 };
  out = { 'v'  100    1 1 1  -1 -1 -1 };

  vp  = 6000.;
  vs  = 3464.;
  rho = 2670.;
  dc  = 0.4;
  mud = .525;
  tn  = -120e6;
  td  = 0.;

  dx  = 300;
  dt  = .024;
  nt  = 543;
  mus = 10000;
  th  = -70e6;
  nn  = [ 141 91 62 ];
  mus = [ .677      21 21 0   121 71 0 ];
  th  = [ -81.6e6   66 41 0    76 51 0 ];
  bc1 = [ 1 1 1 ];
  bc2 = [ 1 1 1 ];
  i1expand = [  1  1  1 ];
  i2expand = [ -1 -1 -1 ];

  dx  = 100;
  dt  = .008;
  nt  = 1626;
  mus = 10000;
  th  = -70e6;
  nn  = [ 340 190 122 ];
  mus = [ .677       21 21 0   320 170 0 ];
  th  = [ -81.6e6   156 81 0   185 110 0 ];
  bc1 = [ 1 1 1 ];
  bc2 = [ 1 1 1 ];
  i1expand = [  1  1  1 ];
  i2expand = [ -1 -1 -1 ];

  dx  = 100;
  dt  = .008;
  nt  = 1626;
  mus = 10000;
  th  = -70e6;
  nn  = [ 420 270 202 ];
  mus = [ .677       61  61 0   360 210 0 ];
  th  = [ -81.6e6   196 121 0   225 150 0 ];
  bc1 = [ 0 0 0 ];
  bc2 = [ 0 0 0 ];
  i1expand = [  51  51  51 ];
  i2expand = [ -51 -51 -51 ];
  rexpand = 1.06;

