% TPV3

  np = [ 2 1 1 ];
  np = [ 1 1 1 ];
  faultnormal = 3;
  vrup = -1.;
  bc1 = [ 1 1 1 ];
  bc2 = [ 1 1 1 ];
  out = { 'x'  1      1 1 0  -1 -1 0 };
  out = { 'sv' 1      1 1 0  -1 -1 0 };
  out = { 'sl' 1      1 1 0  -1 -1 0 };
  out = { 'trup' -1   1 1 0  -1 -1 0 };

  vp  = 6000.;
  vs  = 3464.;
  rho = 2670.;
  dc  = 0.4;
  mud = .525;
  tn  = -120e6;
  td  = 0.;

  dx  = 100;
  dt  = .008;
  nt  = 1626;
  mus = 10000;
  th  = -70e6;
  nn  = [ 341 191 121 ];
  mus = [ .677       21 21 0   321 171 0 ];
  th  = [ -81.6e6   156 81 0   186 111 0 ];

  dx  = 300;
  dt  = .024;
  nt  = 543;
  mus = 10000;
  th  = -70e6;
  nn  = [ 141 91 62 ];
  mus = [ .677      21 21 0   121 71 0 ];
  th  = [ -81.6e6   66 41 0    76 51 0 ];

