% TPV3
  faultnormal = 3;
  vrup = -1.;
  vp  = 6000.;
  vs  = 3464.;
  rho = 2670.;
  dc  = 0.4;
  mud = .525;
  mus = 10000.;
  mus = { .677    'cube' -15001. -7501. -1.  15001. 7501. 1. };
  tn  = -120e6;
  td  = 0.;
  th  = -70e6;
  th  = { -81.6e6 'cube'  -1501. -1501. -1.   1501. 1501. 1. };
  viscosity = [ .1 .7 ];
  origin = 0;
  dx  = 100;
  dt  = .008;
  nt  = 900;
  itcheck = -1;
  out = { 'x'    1      1 1 1   -1 -1 -1 };
  out = { 'vm'   100    1 1 1   -1 -1 -1 };
  out = { 'sv'   100    1 1 0   -1 -1  0 };
  out = { 'sl'   100    1 1 0   -1 -1  0 };

% 1a. yz-shear
  affine = [ 1. 0. 0.; 0. 1. 1.; 0. 0. 1. ] / 1.;
  nn    = [ 176 271 202 ];
  ihypo = [ -1  0  0 ];
  bc1   = [  1  0  0 ];
  bc2   = [ -3  0  0 ];
  n1expand = [ 0 50 50 ];
  n2expand = [ 0 50 50 ];
  out = { 'trup' -1   -151 61 0   -1 -61 0 };
  out = { 'sv'    1     -76 0 0    -76 0 0 };
  out = { 'sl'    1     -76 0 0    -76 0 0 };
  out = { 'ts'    1     -76 0 0    -76 0 0 };
  out = { 'sv'    1      0 76 0     0 76 0 };
  out = { 'sl'    1      0 76 0     0 76 0 };
  out = { 'ts'    1      0 76 0     0 76 0 };

