% TPV3

  debug = 1;
  np = [ 1 1 1 ];
  faultnormal = 3;
  vrup = -1.;
  out = { 'x'    1      1 1 1  -1 -1 -1 };
  out = { 'v'    100    1 1 1  -1 -1 -1 };
  out = { 'v'    1      1 0 1  -1 0 -1 };
  out = { 'sv'   1      1 1 0  -1 -1 0 };
  out = { 'sl'   1      1 1 0  -1 -1 0 };
  out = { 'trup' 100    1 1 0  -1 -1 0 };
  vp  = 6000.;
  vs  = 3464.;
  rho = 2670.;
  dc  = 0.4;
  mud = .525;
  tn  = -120e6;
  td  = 0.;
  mus = 10000;
  th  = -70e6;
  viscosity = [ .1 .7 ];

  dx  = 300;
  dt  = .024;
  nt  = 300;
  nn  = [ 76 51 51 ];
  mus = [ .677      26 26 0   -1 -1 0 ];
  th  = [ -81.6e6   71 46 0   -1 -1 0 ];
  ihypo = [ -1 -1 -1 ];
  bc1 = [ 1 1 1 ];
  bc2 = [ 2 2 2 ];
  return

  dx  = 300;
  dt  = .024;
  nt  = 300;
  nn  = [ 140 90 41 ];
  mus = [ .677      21 21 0   120 70 0 ];
  th  = [ -81.6e6   66 41 0    75 50 0 ];
  ihypo = [ 0 0 -1 ];
  bc1 = [ 1 1 1 ];
  bc2 = [ 1 1 1 ];
  return

  dx  = 100;
  dt  = .008;
  nt  = 1626;
  nt  = 900;
  nn  = [ 170 80 61 ];
  mus = [ .677       21 21 0   320 170 0 ];
  th  = [ -81.6e6   156 81 0   185 110 0 ];
  ihypo = [ -1 -1 -1 ];
  bc1 = [ 1 1 1 ];
  bc2 = [ 2 2 2 ];
  %nn  = [ 340 190 122 ];
  return

  dx  = 300;
  dt  = .024;
  nt  = 2;
  nt  = 300;
  nn  = [ 200 150 152 ];
  mus = [ .677      51 51 0   150 100 0 ];
  th  = [ -81.6e6   96 71 0   105  80 0 ];
  bc1 = [ 0 0 0 ];
  bc2 = [ 0 0 0 ];
  n1expand = [ 0 0 0 ];
  n2expand = [ 0 0 0 ];
  out = { 't0'    1    1 1 1  -1 -1 -1 };
  out = { 't3'    1    1 1 1  -1 -1 -1 };
  out = { 'mus'   1    1 1 1  -1 -1 -1 };
  out = { 'mud'   1    1 1 1  -1 -1 -1 };
  out = { 'dc'    1    1 1 1  -1 -1 -1 };
  out = { 'co'    1    1 1 1  -1 -1 -1 };
  out = { 'tn'    1    1 1 1  -1 -1 -1 };
  out = { 'ts'    1    1 1 1  -1 -1 -1 };
  return

  dx  = 100;
  dt  = .008;
  nt  = 1626;
  nt  = 900;
  nn  = [ 420 270 202 ];
  mus = [ .677       61  61 0   360 210 0 ];
  th  = [ -81.6e6   196 121 0   225 150 0 ];
  bc1 = [ 0 0 0 ];
  bc2 = [ 0 0 0 ];
  n1expand = [ 50 50 50 ];
  n2expand = [ 50 50 50 ];
  return

  dx  = 100;
  dt  = .008;
  nt  = 1626;
  nt  = 900;
  nn  = [ 340 190 122 ];
  mus = [ .677       21 21 0   320 170 0 ];
  th  = [ -81.6e6   156 81 0   185 110 0 ];
  bc1 = [ 1 1 1 ];
  bc2 = [ 1 1 1 ];
  n1expand = [ 0 0 0 ];
  n2expand = [ 0 0 0 ];
  return

