% TPV4

  nn = [ 41 41 42 ];
  nt = 100;
  bc1 = [ 1 1 1 ];
  bc2 = [ 1 1 1 ];
  faultnormal = 3;
  mus = 1e9;
  mud = 1.;
  dc = 1e9;
  co = 0.;
  tn = -100e6;
  th = -90e6;
  td = 0.;
  vrup = 3117.7;
  rcrit = 1e9;
  trelax = 0.;
  out = { 'x'  1      1 1 0  -1 -1 0 };
  out = { 'sv' 1      1 1 0  -1 -1 0 };
  out = { 'sl' 1      1 1 0  -1 -1 0 };
  out = { 'trup' -1   1 1 0  -1 -1 0 };

