% TPV6
  faultnormal = 3;
  vrup = -1.;
  vp  = 6000.;
  vs  = 3464.;
  rho = 2670.;
  vp  = { 3750. 'zone' 1 1 0   -1 -1 -1 };
  vs  = { 2165. 'zone' 1 1 0   -1 -1 -1 };
  rho = { 2225. 'zone' 1 1 0   -1 -1 -1 };
  dc  = 0.4;
  mud = .525;
  mus = 10000.;
  mus = { .677    'cube' -15001. -7501. -1.  15001. 7501. 1. };
  tn  = -120e6;
  ts1 = -70e6;
  ts1 = { -81.6e6 'cube'  -1501. -1501. -1.   1501. 1501. 1. };
  gam = .1
  hourglass = [ 1. 1. ];
  origin = 0;
  dx  = 100;
  dt  = .008;
  nt  = 1500;
  out = { 'x'    1   1 1 0  0   -1 -1  0  0 };
  out = { 'trup' 1   1 1 0 -1   -1 -1  0 -1 };
  timeseries = { 'u'  -12001. -7501. 0. };
  timeseries = { 'v'  -12001. -7501. 0. };
  timeseries = { 'ts' -12001. -7501. 0. };
  timeseries = { 'u'       0. -7501. 0. };
  timeseries = { 'v'       0. -7501. 0. };
  timeseries = { 'ts'      0. -7501. 0. };
  timeseries = { 'u'   12001. -7501. 0. };
  timeseries = { 'v'   12001. -7501. 0. };
  timeseries = { 'ts'  12001. -7501. 0. };
  timeseries = { 'u'  -12001.     0. 0. };
  timeseries = { 'v'  -12001.     0. 0. };
  timeseries = { 'ts' -12001.     0. 0. };
  timeseries = { 'u'   12001.     0. 0. };
  timeseries = { 'v'   12001.     0. 0. };
  timeseries = { 'ts'  12001.     0. 0. };
  bc1      = [   0   0   0 ];
  bc2      = [   0   0   0 ];
  n1expand = [  50  50   0 ];
  n2expand = [  50  50  50 ];
  itcheck = 0;
  np = [ 1 1 2 ];
  nn       = [ 421 211 202 ];
  ihypo    = [   0  76   0 ];

