% TPV7
  faultnormal = 3;
  vrup = -1.;
  vp  = 6000.;
  vs  = 3464.;
  rho = 2670.;
  vp  = { 5000. 'zone' 1 1 0   -1 -1 -1 };
  vs  = { 2887. 'zone' 1 1 0   -1 -1 -1 };
  rho = { 2670. 'zone' 1 1 0   -1 -1 -1 };
  dc  = 0.4;
  mud = .525;
  mus = 10000.;
  mus = { .677    'cube' -15001. -7501. -1.  15001. 7501. 1. };
  tn  = -120e6;
  ts1 = 70e6;
  ts1 = { 81.6e6 'cube'  -1501. -1501. -1.   1501. 1501. 1. };
  gam = .1
  hourglass = [ 1. .7 ];
  origin = 0;
  dx  = 100;
  dt  = .008;
  nt  = 1500;
  bc1      = [   0   0   0 ];
  bc2      = [   0   0   0 ];
  n1expand = [  50   0  50 ];
  n2expand = [  50  50  50 ];
  itcheck = 0;
  np = [ 4 2 2 ];
  nn       = [ 421 211 202 ];
  ihypo    = [   0  76   0 ];

  out = { 'x'    1   1 1 0  0   -1 -1  0  0 };
  out = { 'trup' 1   1 1 0 -1   -1 -1  0 -1 };

  out = { 'u'  1    91 1 101 0    91 1 101 1500 };
  out = { 'v'  1    91 1 101 0    91 1 101 1500 };
  out = { 'ts' 1    91 1 101 0    91 1 101 1500 };
  out = { 'tn' 1    91 1 101 0    91 1 101 1500 };
  out = { 'u'  1     0 1 101 0     0 1 101 1500 };
  out = { 'v'  1     0 1 101 0     0 1 101 1500 };
  out = { 'ts' 1     0 1 101 0     0 1 101 1500 };
  out = { 'tn' 1     0 1 101 0     0 1 101 1500 };
  out = { 'u'  1   -91 1 101 0   -91 1 101 1500 };
  out = { 'v'  1   -91 1 101 0   -91 1 101 1500 };
  out = { 'ts' 1   -91 1 101 0   -91 1 101 1500 };
  out = { 'tn' 1   -91 1 101 0   -91 1 101 1500 };
  out = { 'u'  1    91 0 101 0    91 0 101 1500 };
  out = { 'v'  1    91 0 101 0    91 0 101 1500 };
  out = { 'ts' 1    91 0 101 0    91 0 101 1500 };
  out = { 'tn' 1    91 0 101 0    91 0 101 1500 };
  out = { 'u'  1   -91 0 101 0   -91 0 101 1500 };
  out = { 'v'  1   -91 0 101 0   -91 0 101 1500 };
  out = { 'ts' 1   -91 0 101 0   -91 0 101 1500 };
  out = { 'tn' 1   -91 0 101 0   -91 0 101 1500 };

  out = { 'u'  1    91 1 102 0    91 1 102 1500 };
  out = { 'v'  1    91 1 102 0    91 1 102 1500 };
  out = { 'ts' 1    91 1 102 0    91 1 102 1500 };
  out = { 'tn' 1    91 1 102 0    91 1 102 1500 };
  out = { 'u'  1     0 1 102 0     0 1 102 1500 };
  out = { 'v'  1     0 1 102 0     0 1 102 1500 };
  out = { 'ts' 1     0 1 102 0     0 1 102 1500 };
  out = { 'tn' 1     0 1 102 0     0 1 102 1500 };
  out = { 'u'  1   -91 1 102 0   -91 1 102 1500 };
  out = { 'v'  1   -91 1 102 0   -91 1 102 1500 };
  out = { 'ts' 1   -91 1 102 0   -91 1 102 1500 };
  out = { 'tn' 1   -91 1 102 0   -91 1 102 1500 };
  out = { 'u'  1    91 0 102 0    91 0 102 1500 };
  out = { 'v'  1    91 0 102 0    91 0 102 1500 };
  out = { 'ts' 1    91 0 102 0    91 0 102 1500 };
  out = { 'tn' 1    91 0 102 0    91 0 102 1500 };
  out = { 'u'  1   -91 0 102 0   -91 0 102 1500 };
  out = { 'v'  1   -91 0 102 0   -91 0 102 1500 };
  out = { 'ts' 1   -91 0 102 0   -91 0 102 1500 };
  out = { 'tn' 1   -91 0 102 0   -91 0 102 1500 };

