% TPV3
  np       = [    1   1  16 ];
  np       = [    1   2  32 ];
  nn       = [  700 201 512 ];
  n1expand = [    0   0  50 ];
  n2expand = [    0   0  50 ];
  bc1      = [   10  10   0 ];
  bc2      = [   10   2   0 ];
  ihypo    = [    0  -2 256 ];
  fixhypo  =     -2;
  datadir = 'scec/data/c05';
  datadir = 'scec/data/k05';
  x1  = { 'read' 'zone' 1 1 1   -1 1 -1 };
  x3  = { 'read' 'zone' 1 1 1   -1 1 -1 };
  nt  = 3000;
  dx  =  50.;
  dt  = .004;

  rho = 2670.;
  vp  = 6000.;
  vs  = 3464.;
  gam = .2;
  gam = { .02 'zone'  51 -151 121   -51 -1 -121 };
  hourglass = [ 1. 2. ];

  faultnormal = 3;
  vrup = -1.;
  dc  = 0.4;
  mud = .525;
  mus = 10000.;
  mus = { .677 'zone'  51 -151 0   -51 -1 0 };
  tn  = -120e6;
  ts1 = 70e6;
  ts1 = { 81.6e6 'zone' 321 -31 0   -321 -1 0 };

  out = { 'x'     1      1   1 256  0     -1  -1 256  0 };
  out = { 'pv2'   1      1   1 256 -1     -1  -1 256 -1 };
  out = { 'vm2' 200      1   1 256  0     -1  -1 256 -1 };
  out = { 'vm2'   4      1   0 256  0     -1   0 256 -1 };
  out = { 'vm2'   4      0   1 256  0      0  -1 256 -1 };
  out = { 'tsm'  -1      1   1   0  0     -1  -1   0 -1 };
  out = { 'tn'    1      1   1   0 -1     -1  -1   0 -1 };
  out = { 'su'    1      1   1   0 -1     -1  -1   0 -1 };
  out = { 'psv'   1      1   1   0 -1     -1  -1   0 -1 };
  out = { 'trup'  1      1   1   0 -1     -1  -1   0 -1 };
  out = { 'su'    1    201  -2   0  0    201  -2   0 -1 };
  out = { 'sv'    1    201  -2   0  0    201  -2   0 -1 };
  out = { 'ts'    1    201  -2   0  0    201  -2   0 -1 };
  out = { 'tn'    1    201  -2   0  0    201  -2   0 -1 };
  out = { 'su'    1     0 -121   0  0     0 -121   0 -1 };
  out = { 'sv'    1     0 -121   0  0     0 -121   0 -1 };
  out = { 'ts'    1     0 -121   0  0     0 -121   0 -1 };
  out = { 'tn'    1     0 -121   0  0     0 -121   0 -1 };
  out = { 'su'    1   -201  -2   0  0   -201  -2   0 -1 };
  out = { 'sv'    1   -201  -2   0  0   -201  -2   0 -1 };
  out = { 'ts'    1   -201  -2   0  0   -201  -2   0 -1 };
  out = { 'tn'    1   -201  -2   0  0   -201  -2   0 -1 };
