%------------------------------------------------------------------------------%
% Test PML boundary conditions

  n	= [ 81 81 81 ]							;
  nt	= 200								;
  xhypo	= [ 4000. 4000. 4000. ]						;

  n	= [ 41 41 41 ]							;
  nt	= 200								;
  xhypo	= [ 2000. 2000. 2000. ]						;

  bc	= [ 1 1 1   1 1 1 ]						;
  bc	= [ 1 1 1   0 0 0 ]						;

  faultnormal	= 0							;
  rsource	= 150.							;

  out	= { 'v' 1   1 1 1   41 41 41 }					;
  out	= { 'x' 1   1 1 1   41 41 41 }					;
  out	= { 'v' 1   0 0 0   31 31 31 }					;
  out	= { 'x' 1   0 0 0   31 31 31 }					;

